start,end,time
1730639569196,1730639569205,9
1730639569208,1730639569213,5
1730639569213,1730639569217,4
1730639569217,1730639569222,5
1730639569222,1730639569227,5
1730639569227,1730639569231,4
1730639569232,1730639569236,4
1730639569237,1730639569241,4
1730639569241,1730639569246,5
1730639569246,1730639569250,4
1730639569250,1730639569255,5
1730639569255,1730639569260,5
1730639569260,1730639569265,5
1730639569266,1730639569270,4
1730639569270,1730639569274,4
1730639569274,1730639569278,4
1730639569278,1730639569283,5
1730639569283,1730639569288,5
1730639569289,1730639569296,7
1730639569296,1730639569302,6
1730639569302,1730639569308,6
1730639569308,1730639569313,5
1730639569314,1730639569319,5
1730639569319,1730639569325,6
1730639569325,1730639569330,5
1730639569331,1730639569336,5
1730639569336,1730639569341,5
1730639569342,1730639569348,6
1730639569348,1730639569354,6
1730639569354,1730639569359,5
1730639569360,1730639569365,5
1730639569365,1730639569371,6
1730639569371,1730639569377,6
1730639569377,1730639569382,5
1730639569383,1730639569388,5
1730639569388,1730639569392,4
1730639569392,1730639569397,5
1730639569397,1730639569402,5
1730639569402,1730639569406,4
1730639569407,1730639569411,4
1730639569411,1730639569417,6
1730639569417,1730639569423,6
1730639569423,1730639569428,5
1730639569429,1730639569433,4
1730639569433,1730639569438,5
1730639569438,1730639569442,4
1730639569442,1730639569446,4
1730639569447,1730639569453,6
1730639569454,1730639569462,8
1730639569462,1730639569469,7